{
 "cells": [
  {
   "cell_type": "code",
   "execution_count": 1,
   "id": "c8085282",
   "metadata": {},
   "outputs": [],
   "source": [
    "import pandas as pd\n",
    "import numpy as np\n",
    "import matplotlib.pyplot as plt\n",
    "import seaborn as sns"
   ]
  },
  {
   "cell_type": "code",
   "execution_count": 2,
   "id": "9d38e2d1",
   "metadata": {},
   "outputs": [],
   "source": [
    "pd.set_option('display.max_rows', 500)\n",
    "pd.set_option('display.max_columns', 500)"
   ]
  },
  {
   "cell_type": "code",
   "execution_count": 3,
   "id": "5e833563",
   "metadata": {},
   "outputs": [],
   "source": [
    "sample_path = 'sample_submission_V2.csv' \n",
    "train_path = 'train_V2.csv'\n",
    "test_path = 'test_V2.csv'\n",
    "sample = pd.read_csv(sample_path)\n",
    "train= pd.read_csv(train_path)\n",
    "test=pd.read_csv(test_path)"
   ]
  },
  {
   "cell_type": "code",
   "execution_count": 4,
   "id": "cc52472f",
   "metadata": {},
   "outputs": [],
   "source": [
    "df = pd.read_csv(train_path)\n",
    "df = df.dropna()"
   ]
  },
  {
   "cell_type": "code",
   "execution_count": 5,
   "id": "2ede469c",
   "metadata": {},
   "outputs": [
    {
     "data": {
      "text/plain": [
       "4446965"
      ]
     },
     "execution_count": 5,
     "metadata": {},
     "output_type": "execute_result"
    }
   ],
   "source": [
    "len(df)"
   ]
  },
  {
   "cell_type": "code",
   "execution_count": 6,
   "id": "75fffe69",
   "metadata": {},
   "outputs": [],
   "source": [
    "# 캐주얼, 노말 모드 drop\n",
    "df= df[~(df['matchType'] =='flaretpp')&\n",
    "   ~(df['matchType'] =='flarefpp')&\n",
    "   ~(df['matchType'] =='crashfpp')&\n",
    "   ~(df['matchType'] =='crashtpp')&\n",
    "   ~(df['matchType'] =='normal-squad-fpp')&\n",
    "   ~(df['matchType'] =='normal-solo-fpp')&\n",
    "   ~(df['matchType'] =='normal-duo-fpp')&\n",
    "   ~(df['matchType'] =='normal-duo')&\n",
    "   ~(df['matchType'] =='normal-squad')&\n",
    "   ~(df['matchType'] =='normal-solo')]"
   ]
  },
  {
   "cell_type": "code",
   "execution_count": 7,
   "id": "4e462a92",
   "metadata": {},
   "outputs": [
    {
     "data": {
      "text/plain": [
       "35267"
      ]
     },
     "execution_count": 7,
     "metadata": {},
     "output_type": "execute_result"
    }
   ],
   "source": [
    "4446965- len(df)"
   ]
  },
  {
   "cell_type": "code",
   "execution_count": 8,
   "id": "8a3f9da7",
   "metadata": {},
   "outputs": [],
   "source": [
    "# matchid 60명 이하인 데이터 drop\n",
    "matchId_drop = df['matchId'].value_counts().loc[df['matchId'].value_counts()>60].index\n",
    "df = df.loc[df['matchId'].isin(matchId_drop)]"
   ]
  },
  {
   "cell_type": "code",
   "execution_count": 9,
   "id": "f3ffe882",
   "metadata": {},
   "outputs": [
    {
     "data": {
      "text/plain": [
       "21120"
      ]
     },
     "execution_count": 9,
     "metadata": {},
     "output_type": "execute_result"
    }
   ],
   "source": [
    "4411698 - len(df)"
   ]
  },
  {
   "cell_type": "code",
   "execution_count": 10,
   "id": "1a6a4cb5",
   "metadata": {},
   "outputs": [],
   "source": [
    "df = df.drop(columns=['Id',\n",
    "                 'killPoints',\n",
    "                 'matchDuration',\n",
    "                 'maxPlace',\n",
    "                 'teamKills',\n",
    "                 'roadKills',\n",
    "                 'vehicleDestroys',\n",
    "                ])"
   ]
  },
  {
   "cell_type": "code",
   "execution_count": 11,
   "id": "718acc38",
   "metadata": {},
   "outputs": [
    {
     "data": {
      "text/plain": [
       "56387"
      ]
     },
     "execution_count": 11,
     "metadata": {},
     "output_type": "execute_result"
    }
   ],
   "source": [
    "4446965-len(df)"
   ]
  },
  {
   "cell_type": "code",
   "execution_count": 12,
   "id": "44469554",
   "metadata": {},
   "outputs": [
    {
     "data": {
      "text/html": [
       "<div>\n",
       "<style scoped>\n",
       "    .dataframe tbody tr th:only-of-type {\n",
       "        vertical-align: middle;\n",
       "    }\n",
       "\n",
       "    .dataframe tbody tr th {\n",
       "        vertical-align: top;\n",
       "    }\n",
       "\n",
       "    .dataframe thead th {\n",
       "        text-align: right;\n",
       "    }\n",
       "</style>\n",
       "<table border=\"1\" class=\"dataframe\">\n",
       "  <thead>\n",
       "    <tr style=\"text-align: right;\">\n",
       "      <th></th>\n",
       "      <th>groupId</th>\n",
       "      <th>matchId</th>\n",
       "      <th>assists</th>\n",
       "      <th>boosts</th>\n",
       "      <th>damageDealt</th>\n",
       "      <th>DBNOs</th>\n",
       "      <th>headshotKills</th>\n",
       "      <th>heals</th>\n",
       "      <th>killPlace</th>\n",
       "      <th>kills</th>\n",
       "      <th>killStreaks</th>\n",
       "      <th>longestKill</th>\n",
       "      <th>matchType</th>\n",
       "      <th>numGroups</th>\n",
       "      <th>rankPoints</th>\n",
       "      <th>revives</th>\n",
       "      <th>rideDistance</th>\n",
       "      <th>swimDistance</th>\n",
       "      <th>walkDistance</th>\n",
       "      <th>weaponsAcquired</th>\n",
       "      <th>winPoints</th>\n",
       "      <th>winPlacePerc</th>\n",
       "    </tr>\n",
       "  </thead>\n",
       "  <tbody>\n",
       "    <tr>\n",
       "      <th>0</th>\n",
       "      <td>4d4b580de459be</td>\n",
       "      <td>a10357fd1a4a91</td>\n",
       "      <td>0</td>\n",
       "      <td>0</td>\n",
       "      <td>0.00</td>\n",
       "      <td>0</td>\n",
       "      <td>0</td>\n",
       "      <td>0</td>\n",
       "      <td>60</td>\n",
       "      <td>0</td>\n",
       "      <td>0</td>\n",
       "      <td>0.00</td>\n",
       "      <td>squad-fpp</td>\n",
       "      <td>26</td>\n",
       "      <td>-1</td>\n",
       "      <td>0</td>\n",
       "      <td>0.0000</td>\n",
       "      <td>0.00</td>\n",
       "      <td>244.80</td>\n",
       "      <td>1</td>\n",
       "      <td>1466</td>\n",
       "      <td>0.4444</td>\n",
       "    </tr>\n",
       "    <tr>\n",
       "      <th>1</th>\n",
       "      <td>684d5656442f9e</td>\n",
       "      <td>aeb375fc57110c</td>\n",
       "      <td>0</td>\n",
       "      <td>0</td>\n",
       "      <td>91.47</td>\n",
       "      <td>0</td>\n",
       "      <td>0</td>\n",
       "      <td>0</td>\n",
       "      <td>57</td>\n",
       "      <td>0</td>\n",
       "      <td>0</td>\n",
       "      <td>0.00</td>\n",
       "      <td>squad-fpp</td>\n",
       "      <td>25</td>\n",
       "      <td>1484</td>\n",
       "      <td>0</td>\n",
       "      <td>0.0045</td>\n",
       "      <td>11.04</td>\n",
       "      <td>1434.00</td>\n",
       "      <td>5</td>\n",
       "      <td>0</td>\n",
       "      <td>0.6400</td>\n",
       "    </tr>\n",
       "    <tr>\n",
       "      <th>2</th>\n",
       "      <td>6a4a42c3245a74</td>\n",
       "      <td>110163d8bb94ae</td>\n",
       "      <td>1</td>\n",
       "      <td>0</td>\n",
       "      <td>68.00</td>\n",
       "      <td>0</td>\n",
       "      <td>0</td>\n",
       "      <td>0</td>\n",
       "      <td>47</td>\n",
       "      <td>0</td>\n",
       "      <td>0</td>\n",
       "      <td>0.00</td>\n",
       "      <td>duo</td>\n",
       "      <td>47</td>\n",
       "      <td>1491</td>\n",
       "      <td>0</td>\n",
       "      <td>0.0000</td>\n",
       "      <td>0.00</td>\n",
       "      <td>161.80</td>\n",
       "      <td>2</td>\n",
       "      <td>0</td>\n",
       "      <td>0.7755</td>\n",
       "    </tr>\n",
       "    <tr>\n",
       "      <th>3</th>\n",
       "      <td>a930a9c79cd721</td>\n",
       "      <td>f1f1f4ef412d7e</td>\n",
       "      <td>0</td>\n",
       "      <td>0</td>\n",
       "      <td>32.90</td>\n",
       "      <td>0</td>\n",
       "      <td>0</td>\n",
       "      <td>0</td>\n",
       "      <td>75</td>\n",
       "      <td>0</td>\n",
       "      <td>0</td>\n",
       "      <td>0.00</td>\n",
       "      <td>squad-fpp</td>\n",
       "      <td>30</td>\n",
       "      <td>1408</td>\n",
       "      <td>0</td>\n",
       "      <td>0.0000</td>\n",
       "      <td>0.00</td>\n",
       "      <td>202.70</td>\n",
       "      <td>3</td>\n",
       "      <td>0</td>\n",
       "      <td>0.1667</td>\n",
       "    </tr>\n",
       "    <tr>\n",
       "      <th>4</th>\n",
       "      <td>de04010b3458dd</td>\n",
       "      <td>6dc8ff871e21e6</td>\n",
       "      <td>0</td>\n",
       "      <td>0</td>\n",
       "      <td>100.00</td>\n",
       "      <td>0</td>\n",
       "      <td>0</td>\n",
       "      <td>0</td>\n",
       "      <td>45</td>\n",
       "      <td>1</td>\n",
       "      <td>1</td>\n",
       "      <td>58.53</td>\n",
       "      <td>solo-fpp</td>\n",
       "      <td>95</td>\n",
       "      <td>1560</td>\n",
       "      <td>0</td>\n",
       "      <td>0.0000</td>\n",
       "      <td>0.00</td>\n",
       "      <td>49.75</td>\n",
       "      <td>2</td>\n",
       "      <td>0</td>\n",
       "      <td>0.1875</td>\n",
       "    </tr>\n",
       "  </tbody>\n",
       "</table>\n",
       "</div>"
      ],
      "text/plain": [
       "          groupId         matchId  assists  boosts  damageDealt  DBNOs  \\\n",
       "0  4d4b580de459be  a10357fd1a4a91        0       0         0.00      0   \n",
       "1  684d5656442f9e  aeb375fc57110c        0       0        91.47      0   \n",
       "2  6a4a42c3245a74  110163d8bb94ae        1       0        68.00      0   \n",
       "3  a930a9c79cd721  f1f1f4ef412d7e        0       0        32.90      0   \n",
       "4  de04010b3458dd  6dc8ff871e21e6        0       0       100.00      0   \n",
       "\n",
       "   headshotKills  heals  killPlace  kills  killStreaks  longestKill  \\\n",
       "0              0      0         60      0            0         0.00   \n",
       "1              0      0         57      0            0         0.00   \n",
       "2              0      0         47      0            0         0.00   \n",
       "3              0      0         75      0            0         0.00   \n",
       "4              0      0         45      1            1        58.53   \n",
       "\n",
       "   matchType  numGroups  rankPoints  revives  rideDistance  swimDistance  \\\n",
       "0  squad-fpp         26          -1        0        0.0000          0.00   \n",
       "1  squad-fpp         25        1484        0        0.0045         11.04   \n",
       "2        duo         47        1491        0        0.0000          0.00   \n",
       "3  squad-fpp         30        1408        0        0.0000          0.00   \n",
       "4   solo-fpp         95        1560        0        0.0000          0.00   \n",
       "\n",
       "   walkDistance  weaponsAcquired  winPoints  winPlacePerc  \n",
       "0        244.80                1       1466        0.4444  \n",
       "1       1434.00                5          0        0.6400  \n",
       "2        161.80                2          0        0.7755  \n",
       "3        202.70                3          0        0.1667  \n",
       "4         49.75                2          0        0.1875  "
      ]
     },
     "execution_count": 12,
     "metadata": {},
     "output_type": "execute_result"
    }
   ],
   "source": [
    "df.head()"
   ]
  },
  {
   "cell_type": "code",
   "execution_count": 13,
   "id": "b74b81a8",
   "metadata": {},
   "outputs": [
    {
     "data": {
      "text/html": [
       "<div>\n",
       "<style scoped>\n",
       "    .dataframe tbody tr th:only-of-type {\n",
       "        vertical-align: middle;\n",
       "    }\n",
       "\n",
       "    .dataframe tbody tr th {\n",
       "        vertical-align: top;\n",
       "    }\n",
       "\n",
       "    .dataframe thead th {\n",
       "        text-align: right;\n",
       "    }\n",
       "</style>\n",
       "<table border=\"1\" class=\"dataframe\">\n",
       "  <thead>\n",
       "    <tr style=\"text-align: right;\">\n",
       "      <th></th>\n",
       "      <th>assists</th>\n",
       "      <th>boosts</th>\n",
       "      <th>damageDealt</th>\n",
       "      <th>DBNOs</th>\n",
       "      <th>headshotKills</th>\n",
       "      <th>heals</th>\n",
       "      <th>killPlace</th>\n",
       "      <th>kills</th>\n",
       "      <th>killStreaks</th>\n",
       "      <th>longestKill</th>\n",
       "      <th>numGroups</th>\n",
       "      <th>rankPoints</th>\n",
       "      <th>revives</th>\n",
       "      <th>rideDistance</th>\n",
       "      <th>swimDistance</th>\n",
       "      <th>walkDistance</th>\n",
       "      <th>weaponsAcquired</th>\n",
       "      <th>winPoints</th>\n",
       "      <th>winPlacePerc</th>\n",
       "    </tr>\n",
       "  </thead>\n",
       "  <tbody>\n",
       "    <tr>\n",
       "      <th>assists</th>\n",
       "      <td>1.000000</td>\n",
       "      <td>0.320795</td>\n",
       "      <td>0.381309</td>\n",
       "      <td>0.293527</td>\n",
       "      <td>0.178576</td>\n",
       "      <td>0.229025</td>\n",
       "      <td>-0.292547</td>\n",
       "      <td>0.289479</td>\n",
       "      <td>0.235442</td>\n",
       "      <td>0.259560</td>\n",
       "      <td>-0.142002</td>\n",
       "      <td>-0.015256</td>\n",
       "      <td>0.200276</td>\n",
       "      <td>0.113961</td>\n",
       "      <td>0.025306</td>\n",
       "      <td>0.303068</td>\n",
       "      <td>0.201186</td>\n",
       "      <td>0.023185</td>\n",
       "      <td>0.305631</td>\n",
       "    </tr>\n",
       "    <tr>\n",
       "      <th>boosts</th>\n",
       "      <td>0.320795</td>\n",
       "      <td>1.000000</td>\n",
       "      <td>0.543124</td>\n",
       "      <td>0.367581</td>\n",
       "      <td>0.347071</td>\n",
       "      <td>0.537882</td>\n",
       "      <td>-0.559846</td>\n",
       "      <td>0.526497</td>\n",
       "      <td>0.409108</td>\n",
       "      <td>0.426833</td>\n",
       "      <td>-0.013450</td>\n",
       "      <td>0.024906</td>\n",
       "      <td>0.254041</td>\n",
       "      <td>0.328132</td>\n",
       "      <td>0.108669</td>\n",
       "      <td>0.641151</td>\n",
       "      <td>0.438643</td>\n",
       "      <td>-0.009191</td>\n",
       "      <td>0.636838</td>\n",
       "    </tr>\n",
       "    <tr>\n",
       "      <th>damageDealt</th>\n",
       "      <td>0.381309</td>\n",
       "      <td>0.543124</td>\n",
       "      <td>1.000000</td>\n",
       "      <td>0.752553</td>\n",
       "      <td>0.604221</td>\n",
       "      <td>0.346742</td>\n",
       "      <td>-0.693477</td>\n",
       "      <td>0.883841</td>\n",
       "      <td>0.709349</td>\n",
       "      <td>0.571708</td>\n",
       "      <td>-0.029477</td>\n",
       "      <td>0.000185</td>\n",
       "      <td>0.263227</td>\n",
       "      <td>0.146426</td>\n",
       "      <td>0.038969</td>\n",
       "      <td>0.415559</td>\n",
       "      <td>0.314943</td>\n",
       "      <td>0.016802</td>\n",
       "      <td>0.451453</td>\n",
       "    </tr>\n",
       "    <tr>\n",
       "      <th>DBNOs</th>\n",
       "      <td>0.293527</td>\n",
       "      <td>0.367581</td>\n",
       "      <td>0.752553</td>\n",
       "      <td>1.000000</td>\n",
       "      <td>0.477198</td>\n",
       "      <td>0.267519</td>\n",
       "      <td>-0.567619</td>\n",
       "      <td>0.726936</td>\n",
       "      <td>0.655769</td>\n",
       "      <td>0.458239</td>\n",
       "      <td>-0.271079</td>\n",
       "      <td>-0.002239</td>\n",
       "      <td>0.299877</td>\n",
       "      <td>0.104579</td>\n",
       "      <td>0.017927</td>\n",
       "      <td>0.291550</td>\n",
       "      <td>0.213896</td>\n",
       "      <td>0.010139</td>\n",
       "      <td>0.283813</td>\n",
       "    </tr>\n",
       "    <tr>\n",
       "      <th>headshotKills</th>\n",
       "      <td>0.178576</td>\n",
       "      <td>0.347071</td>\n",
       "      <td>0.604221</td>\n",
       "      <td>0.477198</td>\n",
       "      <td>1.000000</td>\n",
       "      <td>0.200940</td>\n",
       "      <td>-0.479952</td>\n",
       "      <td>0.666553</td>\n",
       "      <td>0.513405</td>\n",
       "      <td>0.451741</td>\n",
       "      <td>0.016832</td>\n",
       "      <td>0.006701</td>\n",
       "      <td>0.153245</td>\n",
       "      <td>0.080886</td>\n",
       "      <td>0.029728</td>\n",
       "      <td>0.261039</td>\n",
       "      <td>0.190310</td>\n",
       "      <td>0.003776</td>\n",
       "      <td>0.282488</td>\n",
       "    </tr>\n",
       "    <tr>\n",
       "      <th>heals</th>\n",
       "      <td>0.229025</td>\n",
       "      <td>0.537882</td>\n",
       "      <td>0.346742</td>\n",
       "      <td>0.267519</td>\n",
       "      <td>0.200940</td>\n",
       "      <td>1.000000</td>\n",
       "      <td>-0.388883</td>\n",
       "      <td>0.315921</td>\n",
       "      <td>0.270220</td>\n",
       "      <td>0.263536</td>\n",
       "      <td>-0.062739</td>\n",
       "      <td>0.020719</td>\n",
       "      <td>0.237194</td>\n",
       "      <td>0.298193</td>\n",
       "      <td>0.080473</td>\n",
       "      <td>0.432725</td>\n",
       "      <td>0.318993</td>\n",
       "      <td>-0.012457</td>\n",
       "      <td>0.430247</td>\n",
       "    </tr>\n",
       "    <tr>\n",
       "      <th>killPlace</th>\n",
       "      <td>-0.292547</td>\n",
       "      <td>-0.559846</td>\n",
       "      <td>-0.693477</td>\n",
       "      <td>-0.567619</td>\n",
       "      <td>-0.479952</td>\n",
       "      <td>-0.388883</td>\n",
       "      <td>1.000000</td>\n",
       "      <td>-0.753758</td>\n",
       "      <td>-0.817866</td>\n",
       "      <td>-0.545653</td>\n",
       "      <td>0.006566</td>\n",
       "      <td>-0.015372</td>\n",
       "      <td>-0.272722</td>\n",
       "      <td>-0.236068</td>\n",
       "      <td>-0.090788</td>\n",
       "      <td>-0.596849</td>\n",
       "      <td>-0.508468</td>\n",
       "      <td>-0.002028</td>\n",
       "      <td>-0.727385</td>\n",
       "    </tr>\n",
       "    <tr>\n",
       "      <th>kills</th>\n",
       "      <td>0.289479</td>\n",
       "      <td>0.526497</td>\n",
       "      <td>0.883841</td>\n",
       "      <td>0.726936</td>\n",
       "      <td>0.666553</td>\n",
       "      <td>0.315921</td>\n",
       "      <td>-0.753758</td>\n",
       "      <td>1.000000</td>\n",
       "      <td>0.813871</td>\n",
       "      <td>0.615337</td>\n",
       "      <td>0.006729</td>\n",
       "      <td>0.010405</td>\n",
       "      <td>0.261329</td>\n",
       "      <td>0.121091</td>\n",
       "      <td>0.041743</td>\n",
       "      <td>0.394206</td>\n",
       "      <td>0.294268</td>\n",
       "      <td>0.005455</td>\n",
       "      <td>0.431418</td>\n",
       "    </tr>\n",
       "    <tr>\n",
       "      <th>killStreaks</th>\n",
       "      <td>0.235442</td>\n",
       "      <td>0.409108</td>\n",
       "      <td>0.709349</td>\n",
       "      <td>0.655769</td>\n",
       "      <td>0.513405</td>\n",
       "      <td>0.270220</td>\n",
       "      <td>-0.817866</td>\n",
       "      <td>0.813871</td>\n",
       "      <td>1.000000</td>\n",
       "      <td>0.515426</td>\n",
       "      <td>-0.034482</td>\n",
       "      <td>0.004754</td>\n",
       "      <td>0.242892</td>\n",
       "      <td>0.099208</td>\n",
       "      <td>0.035169</td>\n",
       "      <td>0.330764</td>\n",
       "      <td>0.271247</td>\n",
       "      <td>0.007396</td>\n",
       "      <td>0.377422</td>\n",
       "    </tr>\n",
       "    <tr>\n",
       "      <th>longestKill</th>\n",
       "      <td>0.259560</td>\n",
       "      <td>0.426833</td>\n",
       "      <td>0.571708</td>\n",
       "      <td>0.458239</td>\n",
       "      <td>0.451741</td>\n",
       "      <td>0.263536</td>\n",
       "      <td>-0.545653</td>\n",
       "      <td>0.615337</td>\n",
       "      <td>0.515426</td>\n",
       "      <td>1.000000</td>\n",
       "      <td>-0.014304</td>\n",
       "      <td>0.018913</td>\n",
       "      <td>0.170806</td>\n",
       "      <td>0.192193</td>\n",
       "      <td>0.054308</td>\n",
       "      <td>0.417373</td>\n",
       "      <td>0.279032</td>\n",
       "      <td>-0.005419</td>\n",
       "      <td>0.412554</td>\n",
       "    </tr>\n",
       "    <tr>\n",
       "      <th>numGroups</th>\n",
       "      <td>-0.142002</td>\n",
       "      <td>-0.013450</td>\n",
       "      <td>-0.029477</td>\n",
       "      <td>-0.271079</td>\n",
       "      <td>0.016832</td>\n",
       "      <td>-0.062739</td>\n",
       "      <td>0.006566</td>\n",
       "      <td>0.006729</td>\n",
       "      <td>-0.034482</td>\n",
       "      <td>-0.014304</td>\n",
       "      <td>1.000000</td>\n",
       "      <td>0.048350</td>\n",
       "      <td>-0.161247</td>\n",
       "      <td>-0.045621</td>\n",
       "      <td>0.007758</td>\n",
       "      <td>-0.085005</td>\n",
       "      <td>-0.021407</td>\n",
       "      <td>-0.028522</td>\n",
       "      <td>0.037629</td>\n",
       "    </tr>\n",
       "    <tr>\n",
       "      <th>rankPoints</th>\n",
       "      <td>-0.015256</td>\n",
       "      <td>0.024906</td>\n",
       "      <td>0.000185</td>\n",
       "      <td>-0.002239</td>\n",
       "      <td>0.006701</td>\n",
       "      <td>0.020719</td>\n",
       "      <td>-0.015372</td>\n",
       "      <td>0.010405</td>\n",
       "      <td>0.004754</td>\n",
       "      <td>0.018913</td>\n",
       "      <td>0.048350</td>\n",
       "      <td>1.000000</td>\n",
       "      <td>0.000155</td>\n",
       "      <td>0.038203</td>\n",
       "      <td>0.005351</td>\n",
       "      <td>0.018904</td>\n",
       "      <td>0.018760</td>\n",
       "      <td>-0.993785</td>\n",
       "      <td>0.015434</td>\n",
       "    </tr>\n",
       "    <tr>\n",
       "      <th>revives</th>\n",
       "      <td>0.200276</td>\n",
       "      <td>0.254041</td>\n",
       "      <td>0.263227</td>\n",
       "      <td>0.299877</td>\n",
       "      <td>0.153245</td>\n",
       "      <td>0.237194</td>\n",
       "      <td>-0.272722</td>\n",
       "      <td>0.261329</td>\n",
       "      <td>0.242892</td>\n",
       "      <td>0.170806</td>\n",
       "      <td>-0.161247</td>\n",
       "      <td>0.000155</td>\n",
       "      <td>1.000000</td>\n",
       "      <td>0.110309</td>\n",
       "      <td>0.020636</td>\n",
       "      <td>0.237634</td>\n",
       "      <td>0.175442</td>\n",
       "      <td>0.001699</td>\n",
       "      <td>0.241863</td>\n",
       "    </tr>\n",
       "    <tr>\n",
       "      <th>rideDistance</th>\n",
       "      <td>0.113961</td>\n",
       "      <td>0.328132</td>\n",
       "      <td>0.146426</td>\n",
       "      <td>0.104579</td>\n",
       "      <td>0.080886</td>\n",
       "      <td>0.298193</td>\n",
       "      <td>-0.236068</td>\n",
       "      <td>0.121091</td>\n",
       "      <td>0.099208</td>\n",
       "      <td>0.192193</td>\n",
       "      <td>-0.045621</td>\n",
       "      <td>0.038203</td>\n",
       "      <td>0.110309</td>\n",
       "      <td>1.000000</td>\n",
       "      <td>0.050107</td>\n",
       "      <td>0.312413</td>\n",
       "      <td>0.303224</td>\n",
       "      <td>-0.029045</td>\n",
       "      <td>0.345477</td>\n",
       "    </tr>\n",
       "    <tr>\n",
       "      <th>swimDistance</th>\n",
       "      <td>0.025306</td>\n",
       "      <td>0.108669</td>\n",
       "      <td>0.038969</td>\n",
       "      <td>0.017927</td>\n",
       "      <td>0.029728</td>\n",
       "      <td>0.080473</td>\n",
       "      <td>-0.090788</td>\n",
       "      <td>0.041743</td>\n",
       "      <td>0.035169</td>\n",
       "      <td>0.054308</td>\n",
       "      <td>0.007758</td>\n",
       "      <td>0.005351</td>\n",
       "      <td>0.020636</td>\n",
       "      <td>0.050107</td>\n",
       "      <td>1.000000</td>\n",
       "      <td>0.168200</td>\n",
       "      <td>0.081997</td>\n",
       "      <td>-0.003279</td>\n",
       "      <td>0.151011</td>\n",
       "    </tr>\n",
       "    <tr>\n",
       "      <th>walkDistance</th>\n",
       "      <td>0.303068</td>\n",
       "      <td>0.641151</td>\n",
       "      <td>0.415559</td>\n",
       "      <td>0.291550</td>\n",
       "      <td>0.261039</td>\n",
       "      <td>0.432725</td>\n",
       "      <td>-0.596849</td>\n",
       "      <td>0.394206</td>\n",
       "      <td>0.330764</td>\n",
       "      <td>0.417373</td>\n",
       "      <td>-0.085005</td>\n",
       "      <td>0.018904</td>\n",
       "      <td>0.237634</td>\n",
       "      <td>0.312413</td>\n",
       "      <td>0.168200</td>\n",
       "      <td>1.000000</td>\n",
       "      <td>0.581395</td>\n",
       "      <td>-0.005020</td>\n",
       "      <td>0.815323</td>\n",
       "    </tr>\n",
       "    <tr>\n",
       "      <th>weaponsAcquired</th>\n",
       "      <td>0.201186</td>\n",
       "      <td>0.438643</td>\n",
       "      <td>0.314943</td>\n",
       "      <td>0.213896</td>\n",
       "      <td>0.190310</td>\n",
       "      <td>0.318993</td>\n",
       "      <td>-0.508468</td>\n",
       "      <td>0.294268</td>\n",
       "      <td>0.271247</td>\n",
       "      <td>0.279032</td>\n",
       "      <td>-0.021407</td>\n",
       "      <td>0.018760</td>\n",
       "      <td>0.175442</td>\n",
       "      <td>0.303224</td>\n",
       "      <td>0.081997</td>\n",
       "      <td>0.581395</td>\n",
       "      <td>1.000000</td>\n",
       "      <td>-0.007072</td>\n",
       "      <td>0.620938</td>\n",
       "    </tr>\n",
       "    <tr>\n",
       "      <th>winPoints</th>\n",
       "      <td>0.023185</td>\n",
       "      <td>-0.009191</td>\n",
       "      <td>0.016802</td>\n",
       "      <td>0.010139</td>\n",
       "      <td>0.003776</td>\n",
       "      <td>-0.012457</td>\n",
       "      <td>-0.002028</td>\n",
       "      <td>0.005455</td>\n",
       "      <td>0.007396</td>\n",
       "      <td>-0.005419</td>\n",
       "      <td>-0.028522</td>\n",
       "      <td>-0.993785</td>\n",
       "      <td>0.001699</td>\n",
       "      <td>-0.029045</td>\n",
       "      <td>-0.003279</td>\n",
       "      <td>-0.005020</td>\n",
       "      <td>-0.007072</td>\n",
       "      <td>1.000000</td>\n",
       "      <td>0.005389</td>\n",
       "    </tr>\n",
       "    <tr>\n",
       "      <th>winPlacePerc</th>\n",
       "      <td>0.305631</td>\n",
       "      <td>0.636838</td>\n",
       "      <td>0.451453</td>\n",
       "      <td>0.283813</td>\n",
       "      <td>0.282488</td>\n",
       "      <td>0.430247</td>\n",
       "      <td>-0.727385</td>\n",
       "      <td>0.431418</td>\n",
       "      <td>0.377422</td>\n",
       "      <td>0.412554</td>\n",
       "      <td>0.037629</td>\n",
       "      <td>0.015434</td>\n",
       "      <td>0.241863</td>\n",
       "      <td>0.345477</td>\n",
       "      <td>0.151011</td>\n",
       "      <td>0.815323</td>\n",
       "      <td>0.620938</td>\n",
       "      <td>0.005389</td>\n",
       "      <td>1.000000</td>\n",
       "    </tr>\n",
       "  </tbody>\n",
       "</table>\n",
       "</div>"
      ],
      "text/plain": [
       "                  assists    boosts  damageDealt     DBNOs  headshotKills  \\\n",
       "assists          1.000000  0.320795     0.381309  0.293527       0.178576   \n",
       "boosts           0.320795  1.000000     0.543124  0.367581       0.347071   \n",
       "damageDealt      0.381309  0.543124     1.000000  0.752553       0.604221   \n",
       "DBNOs            0.293527  0.367581     0.752553  1.000000       0.477198   \n",
       "headshotKills    0.178576  0.347071     0.604221  0.477198       1.000000   \n",
       "heals            0.229025  0.537882     0.346742  0.267519       0.200940   \n",
       "killPlace       -0.292547 -0.559846    -0.693477 -0.567619      -0.479952   \n",
       "kills            0.289479  0.526497     0.883841  0.726936       0.666553   \n",
       "killStreaks      0.235442  0.409108     0.709349  0.655769       0.513405   \n",
       "longestKill      0.259560  0.426833     0.571708  0.458239       0.451741   \n",
       "numGroups       -0.142002 -0.013450    -0.029477 -0.271079       0.016832   \n",
       "rankPoints      -0.015256  0.024906     0.000185 -0.002239       0.006701   \n",
       "revives          0.200276  0.254041     0.263227  0.299877       0.153245   \n",
       "rideDistance     0.113961  0.328132     0.146426  0.104579       0.080886   \n",
       "swimDistance     0.025306  0.108669     0.038969  0.017927       0.029728   \n",
       "walkDistance     0.303068  0.641151     0.415559  0.291550       0.261039   \n",
       "weaponsAcquired  0.201186  0.438643     0.314943  0.213896       0.190310   \n",
       "winPoints        0.023185 -0.009191     0.016802  0.010139       0.003776   \n",
       "winPlacePerc     0.305631  0.636838     0.451453  0.283813       0.282488   \n",
       "\n",
       "                    heals  killPlace     kills  killStreaks  longestKill  \\\n",
       "assists          0.229025  -0.292547  0.289479     0.235442     0.259560   \n",
       "boosts           0.537882  -0.559846  0.526497     0.409108     0.426833   \n",
       "damageDealt      0.346742  -0.693477  0.883841     0.709349     0.571708   \n",
       "DBNOs            0.267519  -0.567619  0.726936     0.655769     0.458239   \n",
       "headshotKills    0.200940  -0.479952  0.666553     0.513405     0.451741   \n",
       "heals            1.000000  -0.388883  0.315921     0.270220     0.263536   \n",
       "killPlace       -0.388883   1.000000 -0.753758    -0.817866    -0.545653   \n",
       "kills            0.315921  -0.753758  1.000000     0.813871     0.615337   \n",
       "killStreaks      0.270220  -0.817866  0.813871     1.000000     0.515426   \n",
       "longestKill      0.263536  -0.545653  0.615337     0.515426     1.000000   \n",
       "numGroups       -0.062739   0.006566  0.006729    -0.034482    -0.014304   \n",
       "rankPoints       0.020719  -0.015372  0.010405     0.004754     0.018913   \n",
       "revives          0.237194  -0.272722  0.261329     0.242892     0.170806   \n",
       "rideDistance     0.298193  -0.236068  0.121091     0.099208     0.192193   \n",
       "swimDistance     0.080473  -0.090788  0.041743     0.035169     0.054308   \n",
       "walkDistance     0.432725  -0.596849  0.394206     0.330764     0.417373   \n",
       "weaponsAcquired  0.318993  -0.508468  0.294268     0.271247     0.279032   \n",
       "winPoints       -0.012457  -0.002028  0.005455     0.007396    -0.005419   \n",
       "winPlacePerc     0.430247  -0.727385  0.431418     0.377422     0.412554   \n",
       "\n",
       "                 numGroups  rankPoints   revives  rideDistance  swimDistance  \\\n",
       "assists          -0.142002   -0.015256  0.200276      0.113961      0.025306   \n",
       "boosts           -0.013450    0.024906  0.254041      0.328132      0.108669   \n",
       "damageDealt      -0.029477    0.000185  0.263227      0.146426      0.038969   \n",
       "DBNOs            -0.271079   -0.002239  0.299877      0.104579      0.017927   \n",
       "headshotKills     0.016832    0.006701  0.153245      0.080886      0.029728   \n",
       "heals            -0.062739    0.020719  0.237194      0.298193      0.080473   \n",
       "killPlace         0.006566   -0.015372 -0.272722     -0.236068     -0.090788   \n",
       "kills             0.006729    0.010405  0.261329      0.121091      0.041743   \n",
       "killStreaks      -0.034482    0.004754  0.242892      0.099208      0.035169   \n",
       "longestKill      -0.014304    0.018913  0.170806      0.192193      0.054308   \n",
       "numGroups         1.000000    0.048350 -0.161247     -0.045621      0.007758   \n",
       "rankPoints        0.048350    1.000000  0.000155      0.038203      0.005351   \n",
       "revives          -0.161247    0.000155  1.000000      0.110309      0.020636   \n",
       "rideDistance     -0.045621    0.038203  0.110309      1.000000      0.050107   \n",
       "swimDistance      0.007758    0.005351  0.020636      0.050107      1.000000   \n",
       "walkDistance     -0.085005    0.018904  0.237634      0.312413      0.168200   \n",
       "weaponsAcquired  -0.021407    0.018760  0.175442      0.303224      0.081997   \n",
       "winPoints        -0.028522   -0.993785  0.001699     -0.029045     -0.003279   \n",
       "winPlacePerc      0.037629    0.015434  0.241863      0.345477      0.151011   \n",
       "\n",
       "                 walkDistance  weaponsAcquired  winPoints  winPlacePerc  \n",
       "assists              0.303068         0.201186   0.023185      0.305631  \n",
       "boosts               0.641151         0.438643  -0.009191      0.636838  \n",
       "damageDealt          0.415559         0.314943   0.016802      0.451453  \n",
       "DBNOs                0.291550         0.213896   0.010139      0.283813  \n",
       "headshotKills        0.261039         0.190310   0.003776      0.282488  \n",
       "heals                0.432725         0.318993  -0.012457      0.430247  \n",
       "killPlace           -0.596849        -0.508468  -0.002028     -0.727385  \n",
       "kills                0.394206         0.294268   0.005455      0.431418  \n",
       "killStreaks          0.330764         0.271247   0.007396      0.377422  \n",
       "longestKill          0.417373         0.279032  -0.005419      0.412554  \n",
       "numGroups           -0.085005        -0.021407  -0.028522      0.037629  \n",
       "rankPoints           0.018904         0.018760  -0.993785      0.015434  \n",
       "revives              0.237634         0.175442   0.001699      0.241863  \n",
       "rideDistance         0.312413         0.303224  -0.029045      0.345477  \n",
       "swimDistance         0.168200         0.081997  -0.003279      0.151011  \n",
       "walkDistance         1.000000         0.581395  -0.005020      0.815323  \n",
       "weaponsAcquired      0.581395         1.000000  -0.007072      0.620938  \n",
       "winPoints           -0.005020        -0.007072   1.000000      0.005389  \n",
       "winPlacePerc         0.815323         0.620938   0.005389      1.000000  "
      ]
     },
     "execution_count": 13,
     "metadata": {},
     "output_type": "execute_result"
    }
   ],
   "source": [
    "df.corr()"
   ]
  },
  {
   "cell_type": "code",
   "execution_count": 14,
   "id": "47be7689",
   "metadata": {},
   "outputs": [
    {
     "data": {
      "text/plain": [
       "array(['squad-fpp', 'duo', 'solo-fpp', 'squad', 'duo-fpp', 'solo'],\n",
       "      dtype=object)"
      ]
     },
     "execution_count": 14,
     "metadata": {},
     "output_type": "execute_result"
    }
   ],
   "source": [
    "df['matchType'].unique()"
   ]
  },
  {
   "cell_type": "markdown",
   "id": "54df51aa",
   "metadata": {},
   "source": [
    "EDA"
   ]
  },
  {
   "cell_type": "code",
   "execution_count": 15,
   "id": "4611ab40",
   "metadata": {},
   "outputs": [
    {
     "data": {
      "text/plain": [
       "Text(0.5, 1.0, 'weaponsAcquired')"
      ]
     },
     "execution_count": 15,
     "metadata": {},
     "output_type": "execute_result"
    },
    {
     "data": {
